Job ID,Agent ID,RAM,CPU,Framework Type,Job Runtime
6000,1,2,2,ml,1.3165123462677002,['ml', 1797, 64, 10]
6001,1,1,3,ml,0.5419440269470215,['ml', 569, 30, 2]
6002,1,1,2,ml,0.5159375667572021,['ml', 150, 4, 3]
6003,1,3,3,ml,0.5163416862487793,['ml', 178, 13, 3]
6004,1,2,2,ml,0.5772604942321777,['ml', 569, 30, 2]
6005,1,1,3,ml,0.7323565483093262,['ml', 150, 4, 3]
6006,1,2,3,ml,0.5289909839630127,['ml', 178, 13, 3]
6007,1,1,1,ml,0.5171146392822266,['ml', 178, 13, 3]
6008,1,2,1,ml,0.6662907600402832,['ml', 178, 13, 3]
6009,1,1,3,ml,0.5323731899261475,['ml', 569, 30, 2]
6010,1,3,3,ml,0.5136275291442871,['ml', 178, 13, 3]
6011,1,3,3,ml,0.5053544044494629,['ml', 150, 4, 3]
6012,1,2,3,ml,0.5096969604492188,['ml', 150, 4, 3]
6013,1,3,3,ml,0.5049445629119873,['ml', 150, 4, 3]
6014,1,2,2,ml,1.1854007244110107,['ml', 1797, 64, 10]
6015,1,4,2,ml,0.5314271450042725,['ml', 569, 30, 2]
6016,1,2,2,ml,0.5005331039428711,['ml', 150, 4, 3]
6017,1,2,1,ml,0.5154223442077637,['ml', 150, 4, 3]
6018,1,1,1,ml,0.5074992179870605,['ml', 178, 13, 3]
6019,1,3,1,ml,0.5057392120361328,['ml', 150, 4, 3]
6020,1,4,2,ml,0.5058629512786865,['ml', 178, 13, 3]
6021,1,4,3,ml,0.5197174549102783,['ml', 569, 30, 2]
6022,1,2,1,ml,0.5188155174255371,['ml', 150, 4, 3]
6023,1,1,1,ml,0.5019512176513672,['ml', 178, 13, 3]
6024,1,2,1,ml,0.6304793357849121,['ml', 178, 13, 3]
6025,1,1,3,ml,0.5809431076049805,['ml', 569, 30, 2]
6026,1,3,2,ml,0.5170190334320068,['ml', 178, 13, 3]
6027,1,4,3,ml,0.5273613929748535,['ml', 569, 30, 2]
6028,1,1,3,ml,0.5121819972991943,['ml', 178, 13, 3]
6029,1,4,1,ml,0.6047475337982178,['ml', 569, 30, 2]
6030,1,2,2,ml,0.5107293128967285,['ml', 178, 13, 3]
6031,1,1,3,ml,1.2134616374969482,['ml', 1797, 64, 10]
6032,1,4,2,ml,0.5102291107177734,['ml', 150, 4, 3]
6033,1,1,2,ml,0.49988532066345215,['ml', 178, 13, 3]
6034,1,3,2,ml,0.6372435092926025,['ml', 569, 30, 2]
6035,1,1,1,ml,0.6109201908111572,['ml', 178, 13, 3]
6036,1,1,2,ml,1.1845266819000244,['ml', 1797, 64, 10]
6037,1,3,2,ml,0.601067304611206,['ml', 178, 13, 3]
6038,1,1,3,ml,0.5781188011169434,['ml', 150, 4, 3]
6039,1,4,2,ml,1.1835615634918213,['ml', 1797, 64, 10]
6040,1,3,3,ml,0.504382848739624,['ml', 178, 13, 3]
6041,1,1,1,ml,0.5325579643249512,['ml', 569, 30, 2]
6042,1,1,2,ml,0.5117373466491699,['ml', 178, 13, 3]
6043,1,2,1,ml,0.5121314525604248,['ml', 178, 13, 3]
6044,1,2,1,ml,0.5216398239135742,['ml', 178, 13, 3]
6045,1,2,2,ml,0.6559507846832275,['ml', 569, 30, 2]
6046,1,4,1,ml,0.5145993232727051,['ml', 178, 13, 3]
6047,1,4,1,ml,0.5078198909759521,['ml', 150, 4, 3]
6048,1,3,3,ml,0.5045428276062012,['ml', 150, 4, 3]
6049,1,3,2,ml,0.5091371536254883,['ml', 178, 13, 3]
6050,1,4,2,ml,1.1762137413024902,['ml', 1797, 64, 10]
6051,1,2,2,ml,0.5196058750152588,['ml', 569, 30, 2]
6052,1,2,2,ml,0.508547306060791,['ml', 178, 13, 3]
6053,1,4,1,ml,0.5008139610290527,['ml', 150, 4, 3]
6054,1,2,1,ml,0.49965977668762207,['ml', 150, 4, 3]
6055,1,2,1,ml,0.5278065204620361,['ml', 569, 30, 2]
6056,1,4,3,ml,0.5006487369537354,['ml', 150, 4, 3]
6057,1,3,3,ml,0.50644850730896,['ml', 178, 13, 3]
6058,1,2,1,ml,0.5067510604858398,['ml', 178, 13, 3]
6059,1,1,1,ml,0.4985370635986328,['ml', 178, 13, 3]
6060,1,3,1,ml,0.6139583587646484,['ml', 178, 13, 3]
6061,1,1,2,ml,1.1683008670806885,['ml', 1797, 64, 10]
6062,1,3,1,ml,0.5178141593933105,['ml', 178, 13, 3]
6063,1,1,2,ml,0.5192580223083496,['ml', 178, 13, 3]
6064,1,3,2,ml,0.5568850040435791,['ml', 569, 30, 2]
6065,1,2,1,ml,0.5310282707214355,['ml', 150, 4, 3]
6066,1,4,3,ml,0.5165185928344727,['ml', 178, 13, 3]
6067,1,4,3,ml,0.5508921146392822,['ml', 569, 30, 2]
6068,1,4,1,ml,0.6470811367034912,['ml', 569, 30, 2]
6069,1,3,3,ml,0.5193164348602295,['ml', 178, 13, 3]
6070,1,4,2,ml,0.5240509510040283,['ml', 569, 30, 2]
6071,1,3,2,ml,0.5006325244903564,['ml', 150, 4, 3]
6072,1,3,3,ml,1.1719300746917725,['ml', 1797, 64, 10]
6073,1,1,2,ml,0.573185920715332,['ml', 178, 13, 3]
6074,1,4,3,ml,0.542830228805542,['ml', 178, 13, 3]
6075,1,3,1,ml,0.5317354202270508,['ml', 150, 4, 3]
6076,1,3,1,ml,0.6881825923919678,['ml', 150, 4, 3]
6077,1,1,3,ml,0.6374447345733643,['ml', 150, 4, 3]
6078,1,2,3,ml,1.5008611679077148,['ml', 1797, 64, 10]
6079,1,4,3,ml,0.6050970554351807,['ml', 178, 13, 3]
6080,1,4,1,ml,0.5283348560333252,['ml', 178, 13, 3]
6081,1,2,2,ml,1.2327563762664795,['ml', 1797, 64, 10]
6082,1,2,3,ml,1.1535325050354004,['ml', 1797, 64, 10]
6083,1,2,3,ml,0.538846492767334,['ml', 569, 30, 2]
6084,1,2,2,ml,0.5229671001434326,['ml', 150, 4, 3]
6085,1,4,2,ml,1.2080392837524414,['ml', 1797, 64, 10]
6086,1,1,2,ml,1.2203428745269775,['ml', 1797, 64, 10]
6087,1,1,3,ml,0.5249195098876953,['ml', 178, 13, 3]
6088,1,1,3,ml,0.514589786529541,['ml', 150, 4, 3]
6089,1,3,2,ml,0.592125415802002,['ml', 569, 30, 2]
6090,1,1,3,ml,0.5227582454681396,['ml', 569, 30, 2]
6091,1,3,1,ml,1.2056300640106201,['ml', 1797, 64, 10]
6092,1,2,2,ml,0.5448131561279297,['ml', 569, 30, 2]
6093,1,4,2,ml,0.5042603015899658,['ml', 178, 13, 3]
6094,1,1,1,ml,0.5226655006408691,['ml', 150, 4, 3]
6095,1,1,1,ml,1.1977593898773193,['ml', 1797, 64, 10]
6096,1,2,1,ml,0.7222869396209717,['ml', 150, 4, 3]
6097,1,4,2,ml,0.649228572845459,['ml', 178, 13, 3]
6098,1,1,1,ml,0.6480710506439209,['ml', 569, 30, 2]
6099,1,2,2,ml,1.3998281955718994,['ml', 1797, 64, 10]
6100,1,2,1,ml,1.359750509262085,['ml', 1797, 64, 10]
6101,1,2,3,ml,0.5091311931610107,['ml', 178, 13, 3]
6102,1,4,2,ml,0.5574216842651367,['ml', 569, 30, 2]
6103,1,3,2,ml,0.539198637008667,['ml', 569, 30, 2]
6104,1,4,1,ml,0.5059466361999512,['ml', 150, 4, 3]
6105,1,3,1,ml,0.5035009384155273,['ml', 150, 4, 3]
6106,1,4,3,ml,1.164170503616333,['ml', 1797, 64, 10]
6107,1,4,3,ml,0.5071268081665039,['ml', 178, 13, 3]
6108,1,2,3,ml,0.5254988670349121,['ml', 569, 30, 2]
6109,1,4,1,ml,0.51932692527771,['ml', 569, 30, 2]
6110,1,3,2,ml,0.5248985290527344,['ml', 569, 30, 2]
6111,1,1,3,ml,1.1773924827575684,['ml', 1797, 64, 10]
6112,1,2,1,ml,1.1574485301971436,['ml', 1797, 64, 10]
6113,1,4,1,ml,0.5020444393157959,['ml', 150, 4, 3]
6114,1,1,3,ml,0.5227422714233398,['ml', 569, 30, 2]
6115,1,1,1,ml,0.5005884170532227,['ml', 178, 13, 3]
6116,1,3,3,ml,0.5203049182891846,['ml', 569, 30, 2]
6117,1,2,2,ml,0.5478224754333496,['ml', 178, 13, 3]
6118,1,3,1,ml,0.5131120681762695,['ml', 178, 13, 3]
6119,1,4,1,ml,0.4995088577270508,['ml', 150, 4, 3]
6120,1,4,3,ml,0.5051267147064209,['ml', 178, 13, 3]
6121,1,3,3,ml,1.166275978088379,['ml', 1797, 64, 10]
6122,1,4,1,ml,0.5071456432342529,['ml', 150, 4, 3]
6123,1,2,1,ml,1.1734213829040527,['ml', 1797, 64, 10]
6124,1,4,3,ml,0.7265579700469971,['ml', 150, 4, 3]
6125,1,4,2,ml,1.1841299533843994,['ml', 1797, 64, 10]
6126,1,2,2,ml,0.5447463989257812,['ml', 569, 30, 2]
6127,1,4,1,ml,1.1591832637786865,['ml', 1797, 64, 10]
6128,1,4,3,ml,0.496471643447876,['ml', 150, 4, 3]
6129,1,1,3,ml,0.5210247039794922,['ml', 178, 13, 3]
6130,1,3,1,ml,1.1511774063110352,['ml', 1797, 64, 10]
6131,1,2,1,ml,1.175084114074707,['ml', 1797, 64, 10]
6132,1,2,2,ml,0.5204308032989502,['ml', 569, 30, 2]
6133,1,1,3,ml,1.1620185375213623,['ml', 1797, 64, 10]
6134,1,4,3,ml,0.51509690284729,['ml', 569, 30, 2]
6135,1,4,1,ml,1.1633589267730713,['ml', 1797, 64, 10]
6136,1,3,1,ml,0.48595452308654785,['ml', 150, 4, 3]
6137,1,4,2,ml,1.1763734817504883,['ml', 1797, 64, 10]
6138,1,2,3,ml,0.48487067222595215,['ml', 178, 13, 3]
6139,1,1,2,ml,0.5006968975067139,['ml', 150, 4, 3]
6140,1,4,1,ml,0.49804043769836426,['ml', 150, 4, 3]
6141,1,3,3,ml,0.4932894706726074,['ml', 150, 4, 3]
6142,1,4,1,ml,0.4979894161224365,['ml', 150, 4, 3]
6143,1,1,2,ml,1.1584219932556152,['ml', 1797, 64, 10]
6144,1,1,3,ml,0.49956202507019043,['ml', 178, 13, 3]
6145,1,2,2,ml,0.5154292583465576,['ml', 178, 13, 3]
6146,1,3,3,ml,0.49861621856689453,['ml', 178, 13, 3]
6147,1,1,2,ml,0.5184299945831299,['ml', 569, 30, 2]
6148,1,4,3,ml,1.197957992553711,['ml', 1797, 64, 10]
6149,1,4,3,ml,0.501650333404541,['ml', 178, 13, 3]
6150,1,2,2,ml,0.475816011428833,['ml', 178, 13, 3]
6151,1,2,1,ml,0.4932682514190674,['ml', 150, 4, 3]
6152,1,3,2,ml,0.5000596046447754,['ml', 150, 4, 3]
6153,1,1,1,ml,0.5173187255859375,['ml', 569, 30, 2]
6154,1,4,2,ml,1.161985158920288,['ml', 1797, 64, 10]
6155,1,2,2,ml,1.157374620437622,['ml', 1797, 64, 10]
6156,1,2,3,ml,0.5140857696533203,['ml', 569, 30, 2]
6157,1,1,1,ml,0.5040707588195801,['ml', 178, 13, 3]
6158,1,2,1,ml,1.1558630466461182,['ml', 1797, 64, 10]
6159,1,2,1,ml,0.49631834030151367,['ml', 150, 4, 3]
6160,1,1,3,ml,0.6352646350860596,['ml', 178, 13, 3]
6161,1,2,3,ml,1.0150108337402344,['ml', 569, 30, 2]
6162,1,1,1,ml,1.428912878036499,['ml', 1797, 64, 10]
6163,1,1,2,ml,0.7324473857879639,['ml', 150, 4, 3]
6164,1,3,2,ml,0.6434326171875,['ml', 569, 30, 2]
6165,1,3,3,ml,0.5416004657745361,['ml', 569, 30, 2]
6166,1,2,3,ml,0.5118863582611084,['ml', 178, 13, 3]
6167,1,1,2,ml,1.1714684963226318,['ml', 1797, 64, 10]
6168,1,1,2,ml,0.6390106678009033,['ml', 569, 30, 2]
6169,1,4,2,ml,0.6199085712432861,['ml', 178, 13, 3]
6170,1,1,2,ml,1.1790697574615479,['ml', 1797, 64, 10]
6171,1,1,3,ml,0.511070728302002,['ml', 150, 4, 3]
6172,1,4,3,ml,0.5640659332275391,['ml', 150, 4, 3]
6173,1,2,1,ml,1.1714603900909424,['ml', 1797, 64, 10]
6174,1,1,2,ml,1.1688737869262695,['ml', 1797, 64, 10]
6175,1,2,1,ml,0.5536978244781494,['ml', 569, 30, 2]
6176,1,4,2,ml,0.5194926261901855,['ml', 569, 30, 2]
6177,1,4,2,ml,1.1680066585540771,['ml', 1797, 64, 10]
6178,1,3,3,ml,0.5027015209197998,['ml', 178, 13, 3]
6179,1,2,1,ml,0.5066168308258057,['ml', 150, 4, 3]
6180,1,2,1,ml,0.4973185062408447,['ml', 150, 4, 3]
6181,1,4,1,ml,0.4912726879119873,['ml', 178, 13, 3]
6182,1,2,3,ml,0.532630205154419,['ml', 569, 30, 2]
6183,1,2,2,ml,0.49539756774902344,['ml', 150, 4, 3]
6184,1,3,2,ml,0.5240833759307861,['ml', 569, 30, 2]
6185,1,2,2,ml,0.4991891384124756,['ml', 150, 4, 3]
6186,1,4,3,ml,1.1518590450286865,['ml', 1797, 64, 10]
6187,1,4,3,ml,1.162611961364746,['ml', 1797, 64, 10]
6188,1,3,2,ml,1.1534974575042725,['ml', 1797, 64, 10]
6189,1,3,1,ml,0.4942145347595215,['ml', 178, 13, 3]
6190,1,2,1,ml,0.5194451808929443,['ml', 569, 30, 2]
6191,1,2,1,ml,0.49521517753601074,['ml', 178, 13, 3]
6192,1,4,1,ml,0.5022785663604736,['ml', 178, 13, 3]
6193,1,2,1,ml,0.4973418712615967,['ml', 150, 4, 3]
6194,1,4,3,ml,0.4933290481567383,['ml', 178, 13, 3]
6195,1,2,1,ml,1.169862985610962,['ml', 1797, 64, 10]
6196,1,3,3,ml,0.5028705596923828,['ml', 150, 4, 3]
6197,1,2,2,ml,0.5117278099060059,['ml', 569, 30, 2]
6198,1,2,1,ml,0.4883432388305664,['ml', 178, 13, 3]
6199,1,1,1,ml,0.4884195327758789,['ml', 150, 4, 3]
6200,1,3,3,ml,0.5673203468322754,['ml', 569, 30, 2]
6201,1,3,1,ml,0.5182054042816162,['ml', 569, 30, 2]
6202,1,3,3,ml,0.5111029148101807,['ml', 150, 4, 3]
6203,1,3,1,ml,0.5095677375793457,['ml', 178, 13, 3]
6204,1,4,3,ml,0.5085952281951904,['ml', 178, 13, 3]
6205,1,3,3,ml,1.2821941375732422,['ml', 1797, 64, 10]
6206,1,1,1,ml,0.5033464431762695,['ml', 150, 4, 3]
6207,1,2,2,ml,0.5045144557952881,['ml', 178, 13, 3]
6208,1,1,1,ml,0.6002016067504883,['ml', 569, 30, 2]
6209,1,1,1,ml,0.5162208080291748,['ml', 178, 13, 3]
6210,1,2,2,ml,0.5005855560302734,['ml', 150, 4, 3]
6211,1,1,2,ml,0.5226893424987793,['ml', 569, 30, 2]
6212,1,4,1,ml,0.5118167400360107,['ml', 178, 13, 3]
6213,1,3,2,ml,1.158787727355957,['ml', 1797, 64, 10]
6214,1,3,1,ml,0.5585207939147949,['ml', 178, 13, 3]
6215,1,4,2,ml,0.5201089382171631,['ml', 178, 13, 3]
6216,1,4,2,ml,0.6171817779541016,['ml', 569, 30, 2]
6217,1,2,3,ml,0.9014756679534912,['ml', 569, 30, 2]
6218,1,3,3,ml,0.7012894153594971,['ml', 569, 30, 2]
6219,1,2,1,ml,0.8402972221374512,['ml', 150, 4, 3]
6220,1,4,3,ml,0.6743569374084473,['ml', 150, 4, 3]
6221,1,1,3,ml,0.5222306251525879,['ml', 569, 30, 2]
6222,1,2,3,ml,0.5239293575286865,['ml', 569, 30, 2]
6223,1,4,2,ml,0.5413780212402344,['ml', 569, 30, 2]
6224,1,4,2,ml,0.6120033264160156,['ml', 178, 13, 3]
6225,1,4,1,ml,1.177816390991211,['ml', 1797, 64, 10]
6226,1,2,1,ml,0.5285284519195557,['ml', 569, 30, 2]
6227,1,3,2,ml,0.4996483325958252,['ml', 150, 4, 3]
6228,1,1,3,ml,1.1648156642913818,['ml', 1797, 64, 10]
6229,1,1,2,ml,1.16001558303833,['ml', 1797, 64, 10]
6230,1,4,3,ml,0.6189455986022949,['ml', 569, 30, 2]
6231,1,1,3,ml,0.576807975769043,['ml', 150, 4, 3]
6232,1,3,3,ml,1.2598164081573486,['ml', 1797, 64, 10]
6233,1,4,2,ml,0.49788475036621094,['ml', 178, 13, 3]
6234,1,3,3,ml,0.5000267028808594,['ml', 178, 13, 3]
6235,1,1,3,ml,0.49538397789001465,['ml', 178, 13, 3]
6236,1,3,3,ml,1.1853415966033936,['ml', 1797, 64, 10]
6237,1,2,2,ml,0.4994165897369385,['ml', 150, 4, 3]
6238,1,3,1,ml,0.506842851638794,['ml', 178, 13, 3]
6239,1,2,3,ml,1.2396390438079834,['ml', 1797, 64, 10]
6240,1,1,1,ml,0.5283584594726562,['ml', 569, 30, 2]
6241,1,2,3,ml,0.5991370677947998,['ml', 178, 13, 3]
6242,1,1,2,ml,0.5674419403076172,['ml', 178, 13, 3]
6243,1,4,3,ml,1.1807160377502441,['ml', 1797, 64, 10]
6244,1,3,1,ml,0.5270283222198486,['ml', 178, 13, 3]
6245,1,4,3,ml,0.5056378841400146,['ml', 178, 13, 3]
6246,1,3,2,ml,0.5121786594390869,['ml', 178, 13, 3]
6247,1,2,3,ml,0.6344263553619385,['ml', 178, 13, 3]
6248,1,1,2,ml,0.6726305484771729,['ml', 569, 30, 2]
6249,1,4,2,ml,0.5069065093994141,['ml', 178, 13, 3]
6250,1,3,3,ml,0.5050911903381348,['ml', 178, 13, 3]
6251,1,2,2,ml,1.3212907314300537,['ml', 1797, 64, 10]
6252,1,2,3,ml,0.5277764797210693,['ml', 569, 30, 2]
6253,1,3,2,ml,0.5209100246429443,['ml', 569, 30, 2]
6254,1,2,3,ml,0.5228443145751953,['ml', 178, 13, 3]
6255,1,1,1,ml,0.5048701763153076,['ml', 150, 4, 3]
6256,1,1,2,ml,0.5884392261505127,['ml', 569, 30, 2]
6257,1,2,2,ml,1.1770744323730469,['ml', 1797, 64, 10]
6258,1,3,2,ml,0.627631425857544,['ml', 569, 30, 2]
6259,1,3,2,ml,0.5434253215789795,['ml', 178, 13, 3]
6260,1,1,1,ml,0.5333988666534424,['ml', 569, 30, 2]
6261,1,2,1,ml,0.48724365234375,['ml', 150, 4, 3]
6262,1,2,1,ml,0.5261313915252686,['ml', 569, 30, 2]
6263,1,2,2,ml,1.1559362411499023,['ml', 1797, 64, 10]
6264,1,3,2,ml,0.516047477722168,['ml', 569, 30, 2]
6265,1,2,2,ml,0.6234049797058105,['ml', 150, 4, 3]
6266,1,3,2,ml,0.6255850791931152,['ml', 150, 4, 3]
6267,1,4,1,ml,0.4962594509124756,['ml', 150, 4, 3]
6268,1,2,3,ml,1.2719383239746094,['ml', 1797, 64, 10]
6269,1,3,2,ml,0.5670802593231201,['ml', 150, 4, 3]
6270,1,4,3,ml,0.5881443023681641,['ml', 178, 13, 3]
6271,1,3,1,ml,0.5782415866851807,['ml', 178, 13, 3]
6272,1,2,3,ml,1.2228364944458008,['ml', 1797, 64, 10]
6273,1,2,3,ml,1.2311856746673584,['ml', 1797, 64, 10]
6274,1,4,2,ml,0.4973185062408447,['ml', 178, 13, 3]
6275,1,1,1,ml,0.581897497177124,['ml', 569, 30, 2]
6276,1,4,3,ml,1.4785292148590088,['ml', 1797, 64, 10]
6277,1,4,1,ml,0.5043110847473145,['ml', 150, 4, 3]
6278,1,2,3,ml,0.533775806427002,['ml', 569, 30, 2]
6279,1,4,1,ml,1.2182717323303223,['ml', 1797, 64, 10]
6280,1,1,3,ml,0.5405993461608887,['ml', 569, 30, 2]
6281,1,1,3,ml,0.5089206695556641,['ml', 150, 4, 3]
6282,1,4,1,ml,0.5334682464599609,['ml', 569, 30, 2]
6283,1,3,3,ml,0.5194318294525146,['ml', 150, 4, 3]
6284,1,2,3,ml,0.5159800052642822,['ml', 178, 13, 3]
6285,1,4,3,ml,0.5207273960113525,['ml', 178, 13, 3]
6286,1,3,1,ml,0.5177826881408691,['ml', 150, 4, 3]
6287,1,4,1,ml,0.5202903747558594,['ml', 178, 13, 3]
6288,1,1,3,ml,0.5126245021820068,['ml', 150, 4, 3]
6289,1,2,2,ml,0.5375630855560303,['ml', 569, 30, 2]
6290,1,1,1,ml,1.185392141342163,['ml', 1797, 64, 10]
6291,1,3,1,ml,0.5304832458496094,['ml', 150, 4, 3]
6292,1,3,3,ml,0.49844884872436523,['ml', 178, 13, 3]
6293,1,4,3,ml,0.5090277194976807,['ml', 178, 13, 3]
6294,1,4,2,ml,0.5156247615814209,['ml', 178, 13, 3]
6295,1,1,3,ml,1.1817080974578857,['ml', 1797, 64, 10]
6296,1,2,1,ml,1.175614595413208,['ml', 1797, 64, 10]
6297,1,1,1,ml,0.5082511901855469,['ml', 178, 13, 3]
6298,1,3,2,ml,1.1825032234191895,['ml', 1797, 64, 10]
6299,1,4,3,ml,1.1756861209869385,['ml', 1797, 64, 10]
